3168930010265
3229820160672
3229820019307
3229820129488
3387390123210
5010477348678
3229820782560
7613036669146
5010029000023
5010477348357
8410076610737
3159470000120
3229820769165
3168930010906
3168930009078
20003166
5010477348630
3168930009795
7613035449626
5010477348395
5010477348517
3229820798110
3229820797861
4008713713411
5059319023762
5010029229110
3421557501722
3421557501975
3229820786605
3168930003632
3229820116716
3229820796857
7613287514325
7613032779566
3168930010890
5010477365316
3421557502446
3229820794556
3387390326574
3229820797946
8402001010873
5010477356277
5010477354051
3560071407650
20621469
5010477348555
3560070614202
3421557910203
3168930010869
3770008009882
3564706604360
3387390019995
8480000095367
20283360
5050083296079
3159470005071
3256228686558
8480000156112
40897677
4056489300786
5900617002983
5010029000016
3421557110313
3229820800721
3421557501630
3229820802138
4056489296805
7613287366665
5053827110983
3760336830586
3229820794549
3421557502767
20159917
3421557110221
5010477360755
5059319025711
3159470001424
5053827199667
5059319023533
5050083516313
8480000229663
3111902100037
5059319030913
3560071407773
3564706624467
4056489687337
5053827175654
3560071270285
8410188012092
8480000094742
3229820786599
3564706612792
5010477365378
3250391896554
3229820804224
3168930158158
8445290114594
5010029000801
3421557501685
8480000095718